1.000000
1.000000
1.000000
1.000000
1.000000
1.000000
1.000000
1.000000
1.000000
1.000000
1.000000
1.000000
1.000000
1.000000
1.000000
1.000000
1.000000
1.000000
1.000000
1.000000
1.000000
1.000000
1.000000
1.000000
1.000000
1.000000
1.000000
1.000000
1.000000
1.000000
1.000000
1.000000
1.000000
1.000000
1.000000
1.000000
1.000000
1.000000
1.000000
1.000000
1.000000
1.000000
1.000000
1.000000
1.000000
1.000000
1.000000
1.000000
1.000000
1.000000
1.000000
1.000000
1.000000
1.000000
1.000000
1.000000
1.000000
1.000000
1.000000
1.000000
1.000000
1.000000
1.000000
1.000000
1.000000
1.000000
1.000000
1.000000
1.000000
1.000000
1.000000
1.000000
1.000000
1.000000
1.000000
1.000000
1.000000
1.000000
1.000000
1.000000
1.000000
1.000000
1.000000
1.000000
1.000000
1.000000
1.000000
1.000000
1.000000
1.000000
1.000000
1.000000
1.000000
1.000000
1.000000
1.000000
1.000000
1.000000
1.000000
1.000000
1.000000
1.000000
1.000000
1.000000
1.000000
1.000000
1.000000
1.000000
1.000000
1.000000
1.000000
1.000000
1.000000
1.000000
1.000000
1.000000
1.000000
1.000000
1.000000
1.000000
1.000000
1.000000
1.000000
1.000000
1.000000
1.000000
1.000000
1.000000
1.000000
1.000000
1.000000
1.000000
1.000000
1.000000
1.000000
1.000000
1.000000
1.000000
1.000000
1.000000
1.000000
1.000000
1.000000
1.000000
1.000000
1.000000
1.000000
1.000000
1.000000
1.000000
1.000000
1.000000
1.000000
1.000000
1.000000
1.000000
1.000000
1.000000
1.000000
1.000000
1.000000
1.000000
1.000000
1.000000
1.000000
1.000000
1.000000
1.000000
1.000000
1.000000
1.000000
1.000000
1.000000
1.000000
1.000000
1.000000
0.999999
0.999999
0.999999
0.999998
0.999997
0.999996
0.999995
0.999994
0.999992
0.999990
0.999988
0.999986
0.999982
0.999979
0.999975
0.999971
0.999965
0.999960
0.999953
0.999946
0.999938
0.999930
0.999920
0.999909
0.999898
0.999885
0.999871
0.999856
0.999840
0.999823
0.999804
0.999783
0.999761
0.999738
0.999713
0.999686
0.999657
0.999626
0.999594
0.999559
0.999522
0.999483
0.999442
0.999398
0.999352
0.999303
0.999252
0.999198
0.999141
0.999082
0.999019
0.998953
0.998884
0.998812
0.998736
0.998658
0.998575
0.998489
0.998399
0.998306
0.998208
0.998107
0.998001
0.997892
0.997778
0.997660
0.997537
0.997410
0.997278
0.997141
0.997000
0.996854
0.996703
0.996546
0.996385
0.996218
0.996046
0.995868
0.995685
0.995496
0.995302
0.995102
0.994895
0.994683
0.994465
0.994241
0.994010
0.993773
0.993530
0.993281
0.993024
0.992761
0.992492
0.992216
0.991932
0.991642
0.991345
0.991041
0.990730
0.990411
0.990086
0.989753
0.989412
0.989064
0.988709
0.988346
0.987975
0.987597
0.987211
0.986817
0.986416
0.986007
0.985589
0.985164
0.984731
0.984289
0.983840
0.983382
0.982917
0.982443
0.981961
0.981471
0.980972
0.980466
0.979951
0.979427
0.978896
0.978356
0.977807
0.977251
0.976686
0.976113
0.975531
0.974941
0.974343
0.973736
0.973121
0.972498
0.971866
0.971227
0.970579
0.969922
0.969258
0.968585
0.967905
0.967216
0.966519
0.965814
0.965101
0.964380
0.963651
0.962915
0.962170
0.961418
0.960658
0.959891
0.959116
0.958333
0.957543
0.956746
0.955942
0.955130
0.954311
0.953485
0.952653
0.951813
0.950967
0.950113
0.949254
0.948388
0.947515
0.946636
0.945751
0.944860
0.943963
0.943060
0.942151
0.941237
0.940317
0.939392
0.938461
0.937526
0.936585
0.935640
0.934690
0.933735
0.932776
0.931812
0.930844
0.929872
0.928897
0.927917
0.926934
0.925947
0.924958
0.923965
0.922969
0.921970
0.920968
0.919964
0.918958
0.917949
0.916939
0.915927
0.914913
0.913897
0.912880
0.911862
0.910843
0.909823
0.908803
0.907782
0.906761
0.905739
0.904718
0.903697
0.902677
0.901657
0.900638
0.899620
0.898603
0.897588
0.896574
0.895562
0.894552
0.893544
0.892538
0.891535
0.890535
0.889537
0.888543
0.887552
0.886564
0.885581
0.884600
0.883624
0.882653
0.881685
0.880723
0.879765
0.878812
0.877864
0.876922
0.875985
0.875054
0.874129
0.873210
0.872298
0.871392
0.870492
0.869600
0.868715
0.867836
0.866966
0.866103
0.865247
0.864400
0.863561
0.862730
0.861907
0.861093
0.860288
0.859492
0.858705
0.857928
0.857160
0.856402
0.855653
0.854915
0.854186
0.853468
0.852760
0.852063
0.851377
0.850701
0.850037
0.849384
0.848742
0.848111
0.847492
0.846885
0.846290
0.845706
0.845135
0.844576
0.844030
0.843495
0.842974
0.842465
0.841969
0.841486
0.841016
0.840559
0.840115
0.839685
0.839268
0.838864
0.838475
0.838098
0.837736
0.837388
0.837053
0.836733
0.836426
0.836134
0.835856
0.835592
0.835342
0.835107
0.834887
0.834681
0.834489
0.834312
0.834149
0.834002
0.833868
0.833750
0.833646
0.833558
0.833483
0.833424
0.833380
0.833350
0.833335
0.833335
0.833350
0.833380
0.833424
0.833483
0.833558
0.833646
0.833750
0.833868
0.834002
0.834149
0.834312
0.834489
0.834681
0.834887
0.835107
0.835342
0.835592
0.835856
0.836134
0.836426
0.836733
0.837053
0.837388
0.837736
0.838098
0.838475
0.838864
0.839268
0.839685
0.840115
0.840559
0.841016
0.841486
0.841969
0.842465
0.842974
0.843495
0.844030
0.844576
0.845135
0.845706
0.846290
0.846885
0.847492
0.848111
0.848742
0.849384
0.850037
0.850701
0.851377
0.852063
0.852760
0.853468
0.854186
0.854915
0.855653
0.856402
0.857160
0.857928
0.858705
0.859492
0.860288
0.861093
0.861907
0.862730
0.863561
0.864400
0.865247
0.866103
0.866966
0.867836
0.868715
0.869600
0.870492
0.871392
0.872298
0.873210
0.874129
0.875054
0.875985
0.876922
0.877864
0.878812
0.879765
0.880723
0.881685
0.882653
0.883624
0.884600
0.885581
0.886564
0.887552
0.888543
0.889537
0.890535
0.891535
0.892538
0.893544
0.894552
0.895562
0.896574
0.897588
0.898603
0.899620
0.900638
0.901657
0.902677
0.903697
0.904718
0.905739
0.906761
0.907782
0.908803
0.909823
0.910843
0.911862
0.912880
0.913897
0.914913
0.915927
0.916939
0.917949
0.918958
0.919964
0.920968
0.921970
0.922969
0.923965
0.924958
0.925947
0.926934
0.927917
0.928897
0.929872
0.930844
0.931812
0.932776
0.933735
0.934690
0.935640
0.936585
0.937526
0.938461
0.939392
0.940317
0.941237
0.942151
0.943060
0.943963
0.944860
0.945751
0.946636
0.947515
0.948388
0.949254
0.950113
0.950967
0.951813
0.952653
0.953485
0.954311
0.955130
0.955942
0.956746
0.957543
0.958333
0.959116
0.959891
0.960658
0.961418
0.962170
0.962915
0.963651
0.964380
0.965101
0.965814
0.966519
0.967216
0.967905
0.968585
0.969258
0.969922
0.970579
0.971227
0.971866
0.972498
0.973121
0.973736
0.974343
0.974941
0.975531
0.976113
0.976686
0.977251
0.977807
0.978356
0.978896
0.979427
0.979951
0.980466
0.980972
0.981471
0.981961
0.982443
0.982917
0.983382
0.983840
0.984289
0.984731
0.985164
0.985589
0.986007
0.986416
0.986817
0.987211
0.987597
0.987975
0.988346
0.988709
0.989064
0.989412
0.989753
0.990086
0.990411
0.990730
0.991041
0.991345
0.991642
0.991932
0.992216
0.992492
0.992761
0.993024
0.993281
0.993530
0.993773
0.994010
0.994241
0.994465
0.994683
0.994895
0.995102
0.995302
0.995496
0.995685
0.995868
0.996046
0.996218
0.996385
0.996546
0.996703
0.996854
0.997000
0.997141
0.997278
0.997410
0.997537
0.997660
0.997778
0.997892
0.998001
0.998107
0.998208
0.998306
0.998399
0.998489
0.998575
0.998658
0.998736
0.998812
0.998884
0.998953
0.999019
0.999082
0.999141
0.999198
0.999252
0.999303
0.999352
0.999398
0.999442
0.999483
0.999522
0.999559
0.999594
0.999626
0.999657
0.999686
0.999713
0.999738
0.999761
0.999783
0.999804
0.999823
0.999840
0.999856
0.999871
0.999885
0.999898
0.999909
0.999920
0.999930
0.999938
0.999946
0.999953
0.999960
0.999965
0.999971
0.999975
0.999979
0.999982
0.999986
0.999988
0.999990
0.999992
0.999994
0.999995
0.999996
0.999997
0.999998
0.999999
0.999999
0.999999
1.000000
1.000000
1.000000
1.000000
1.000000
1.000000
1.000000
1.000000
1.000000
1.000000
1.000000
1.000000
1.000000
1.000000
1.000000
1.000000
1.000000
1.000000
1.000000
1.000000
1.000000
1.000000
1.000000
1.000000
1.000000
1.000000
1.000000
1.000000
1.000000
1.000000
1.000000
1.000000
1.000000
1.000000
1.000000
1.000000
1.000000
1.000000
1.000000
1.000000
1.000000
1.000000
1.000000
1.000000
1.000000
1.000000
1.000000
1.000000
1.000000
1.000000
1.000000
1.000000
1.000000
1.000000
1.000000
1.000000
1.000000
1.000000
1.000000
1.000000
1.000000
1.000000
1.000000
1.000000
1.000000
1.000000
1.000000
1.000000
1.000000
1.000000
1.000000
1.000000
1.000000
1.000000
1.000000
1.000000
1.000000
1.000000
1.000000
1.000000
1.000000
1.000000
1.000000
1.000000
1.000000
1.000000
1.000000
1.000000
1.000000
1.000000
1.000000
1.000000
1.000000
1.000000
1.000000
1.000000
1.000000
1.000000
1.000000
1.000000
1.000000
1.000000
1.000000
1.000000
1.000000
1.000000
1.000000
1.000000
1.000000
1.000000
1.000000
1.000000
1.000000
1.000000
1.000000
1.000000
1.000000
1.000000
1.000000
1.000000
1.000000
1.000000
1.000000
1.000000
1.000000
1.000000
1.000000
1.000000
1.000000
1.000000
1.000000
1.000000
1.000000
1.000000
1.000000
1.000000
1.000000
1.000000
1.000000
1.000000
1.000000
1.000000
1.000000
1.000000
1.000000
1.000000
1.000000
1.000000
1.000000
1.000000
1.000000
1.000000
1.000000
1.000000
1.000000
1.000000
1.000000
1.000000
1.000000
1.000000
1.000000
1.000000
1.000000
1.000000
1.000000
1.000000
1.000000
1.000000
1.000000
1.000000
1.000000
1.000000
1.000000
1.000000
1.000000
1.000000
