1.000000
1.000000
1.000000
1.000000
1.000000
1.000000
1.000000
1.000000
1.000000
1.000000
1.000000
1.000000
1.000000
1.000000
1.000000
1.000000
1.000000
1.000000
1.000000
1.000000
1.000000
1.000000
1.000000
1.000000
1.000000
1.000000
1.000000
1.000000
1.000000
1.000000
1.000000
1.000000
1.000000
1.000000
1.000000
1.000000
1.000000
1.000000
1.000000
1.000000
1.000000
1.000000
1.000000
1.000000
1.000000
1.000000
1.000000
1.000000
1.000000
1.000000
1.000000
1.000000
1.000000
1.000000
1.000000
1.000000
1.000000
1.000000
1.000000
1.000000
1.000000
1.000000
1.000000
1.000000
1.000000
1.000000
1.000000
1.000000
1.000000
1.000000
1.000000
1.000000
1.000000
1.000000
1.000000
1.000000
1.000000
1.000000
1.000000
1.000000
1.000000
1.000000
1.000000
1.000000
1.000000
1.000000
1.000000
1.000000
1.000000
1.000000
1.000000
1.000000
1.000000
1.000000
1.000000
1.000000
1.000000
1.000000
1.000000
1.000000
1.000000
1.000000
1.000000
1.000000
1.000000
1.000000
1.000000
1.000000
1.000000
1.000000
1.000000
1.000000
1.000000
1.000000
1.000000
1.000000
1.000000
1.000000
1.000000
1.000000
1.000000
1.000000
1.000000
1.000000
1.000000
1.000000
1.000000
1.000000
1.000000
1.000000
1.000000
1.000000
1.000000
1.000000
1.000000
1.000000
1.000000
1.000000
1.000000
1.000000
1.000000
1.000000
1.000000
1.000000
1.000000
1.000000
1.000000
1.000000
1.000000
1.000000
1.000000
1.000000
1.000000
1.000000
1.000000
1.000000
1.000000
1.000000
1.000000
1.000000
1.000000
1.000000
1.000000
1.000000
1.000000
1.000000
1.000000
1.000000
1.000000
1.000000
1.000000
1.000000
1.000000
1.000000
1.000000
1.000000
1.000000
0.999999
0.999999
0.999999
0.999998
0.999998
0.999997
0.999996
0.999995
0.999994
0.999993
0.999991
0.999990
0.999988
0.999985
0.999983
0.999980
0.999976
0.999972
0.999968
0.999963
0.999958
0.999953
0.999946
0.999940
0.999932
0.999924
0.999915
0.999905
0.999895
0.999884
0.999872
0.999859
0.999845
0.999830
0.999814
0.999797
0.999779
0.999760
0.999739
0.999717
0.999694
0.999670
0.999644
0.999617
0.999588
0.999557
0.999525
0.999492
0.999457
0.999419
0.999381
0.999340
0.999297
0.999252
0.999206
0.999157
0.999106
0.999053
0.998997
0.998940
0.998880
0.998817
0.998753
0.998685
0.998615
0.998543
0.998467
0.998389
0.998309
0.998225
0.998138
0.998049
0.997956
0.997861
0.997762
0.997660
0.997555
0.997447
0.997335
0.997220
0.997102
0.996980
0.996854
0.996725
0.996592
0.996456
0.996316
0.996172
0.996024
0.995872
0.995717
0.995557
0.995394
0.995226
0.995055
0.994879
0.994699
0.994515
0.994326
0.994134
0.993936
0.993735
0.993529
0.993319
0.993104
0.992885
0.992661
0.992433
0.992200
0.991962
0.991720
0.991473
0.991221
0.990965
0.990704
0.990438
0.990167
0.989892
0.989611
0.989326
0.989036
0.988741
0.988441
0.988136
0.987827
0.987512
0.987193
0.986868
0.986539
0.986205
0.985865
0.985521
0.985172
0.984818
0.984459
0.984095
0.983727
0.983353
0.982974
0.982591
0.982203
0.981809
0.981411
0.981009
0.980601
0.980189
0.979771
0.979350
0.978923
0.978492
0.978056
0.977615
0.977170
0.976721
0.976267
0.975808
0.975345
0.974878
0.974406
0.973930
0.973450
0.972965
0.972477
0.971984
0.971487
0.970986
0.970481
0.969973
0.969460
0.968944
0.968424
0.967900
0.967373
0.966842
0.966308
0.965770
0.965229
0.964685
0.964137
0.963587
0.963033
0.962476
0.961917
0.961355
0.960790
0.960222
0.959652
0.959079
0.958504
0.957927
0.957347
0.956766
0.956182
0.955596
0.955009
0.954419
0.953828
0.953236
0.952642
0.952046
0.951449
0.950851
0.950252
0.949652
0.949051
0.948450
0.947847
0.947244
0.946641
0.946037
0.945433
0.944829
0.944224
0.943620
0.943016
0.942412
0.941809
0.941206
0.940604
0.940002
0.939401
0.938801
0.938202
0.937605
0.937008
0.936413
0.935820
0.935228
0.934638
0.934049
0.933463
0.932878
0.932296
0.931716
0.931139
0.930564
0.929991
0.929422
0.928855
0.928291
0.927730
0.927173
0.926618
0.926068
0.925520
0.924977
0.924437
0.923900
0.923368
0.922840
0.922316
0.921797
0.921281
0.920771
0.920265
0.919763
0.919267
0.918775
0.918288
0.917807
0.917330
0.916859
0.916394
0.915934
0.915479
0.915031
0.914588
0.914151
0.913720
0.913295
0.912876
0.912463
0.912057
0.911658
0.911264
0.910878
0.910498
0.910125
0.909759
0.909399
0.909047
0.908702
0.908364
0.908033
0.907710
0.907394
0.907085
0.906784
0.906490
0.906205
0.905926
0.905656
0.905394
0.905139
0.904892
0.904653
0.904423
0.904200
0.903986
0.903780
0.903582
0.903392
0.903211
0.903038
0.902873
0.902717
0.902569
0.902430
0.902300
0.902178
0.902064
0.901960
0.901864
0.901776
0.901697
0.901627
0.901566
0.901513
0.901470
0.901434
0.901408
0.901391
0.901382
0.901382
0.901391
0.901408
0.901434
0.901470
0.901513
0.901566
0.901627
0.901697
0.901776
0.901864
0.901960
0.902064
0.902178
0.902300
0.902430
0.902569
0.902717
0.902873
0.903038
0.903211
0.903392
0.903582
0.903780
0.903986
0.904200
0.904423
0.904653
0.904892
0.905139
0.905394
0.905656
0.905926
0.906205
0.906490
0.906784
0.907085
0.907394
0.907710
0.908033
0.908364
0.908702
0.909047
0.909399
0.909759
0.910125
0.910498
0.910878
0.911264
0.911658
0.912057
0.912463
0.912876
0.913295
0.913720
0.914151
0.914588
0.915031
0.915479
0.915934
0.916394
0.916859
0.917330
0.917807
0.918288
0.918775
0.919267
0.919763
0.920265
0.920771
0.921281
0.921797
0.922316
0.922840
0.923368
0.923900
0.924437
0.924977
0.925520
0.926068
0.926618
0.927173
0.927730
0.928291
0.928855
0.929422
0.929991
0.930564
0.931139
0.931716
0.932296
0.932878
0.933463
0.934049
0.934638
0.935228
0.935820
0.936413
0.937008
0.937605
0.938202
0.938801
0.939401
0.940002
0.940604
0.941206
0.941809
0.942412
0.943016
0.943620
0.944224
0.944829
0.945433
0.946037
0.946641
0.947244
0.947847
0.948450
0.949051
0.949652
0.950252
0.950851
0.951449
0.952046
0.952642
0.953236
0.953828
0.954419
0.955009
0.955596
0.956182
0.956766
0.957347
0.957927
0.958504
0.959079
0.959652
0.960222
0.960790
0.961355
0.961917
0.962476
0.963033
0.963587
0.964137
0.964685
0.965229
0.965770
0.966308
0.966842
0.967373
0.967900
0.968424
0.968944
0.969460
0.969973
0.970481
0.970986
0.971487
0.971984
0.972477
0.972965
0.973450
0.973930
0.974406
0.974878
0.975345
0.975808
0.976267
0.976721
0.977170
0.977615
0.978056
0.978492
0.978923
0.979350
0.979771
0.980189
0.980601
0.981009
0.981411
0.981809
0.982203
0.982591
0.982974
0.983353
0.983727
0.984095
0.984459
0.984818
0.985172
0.985521
0.985865
0.986205
0.986539
0.986868
0.987193
0.987512
0.987827
0.988136
0.988441
0.988741
0.989036
0.989326
0.989611
0.989892
0.990167
0.990438
0.990704
0.990965
0.991221
0.991473
0.991720
0.991962
0.992200
0.992433
0.992661
0.992885
0.993104
0.993319
0.993529
0.993735
0.993936
0.994134
0.994326
0.994515
0.994699
0.994879
0.995055
0.995226
0.995394
0.995557
0.995717
0.995872
0.996024
0.996172
0.996316
0.996456
0.996592
0.996725
0.996854
0.996980
0.997102
0.997220
0.997335
0.997447
0.997555
0.997660
0.997762
0.997861
0.997956
0.998049
0.998138
0.998225
0.998309
0.998389
0.998467
0.998543
0.998615
0.998685
0.998753
0.998817
0.998880
0.998940
0.998997
0.999053
0.999106
0.999157
0.999206
0.999252
0.999297
0.999340
0.999381
0.999419
0.999457
0.999492
0.999525
0.999557
0.999588
0.999617
0.999644
0.999670
0.999694
0.999717
0.999739
0.999760
0.999779
0.999797
0.999814
0.999830
0.999845
0.999859
0.999872
0.999884
0.999895
0.999905
0.999915
0.999924
0.999932
0.999940
0.999946
0.999953
0.999958
0.999963
0.999968
0.999972
0.999976
0.999980
0.999983
0.999985
0.999988
0.999990
0.999991
0.999993
0.999994
0.999995
0.999996
0.999997
0.999998
0.999998
0.999999
0.999999
0.999999
1.000000
1.000000
1.000000
1.000000
1.000000
1.000000
1.000000
1.000000
1.000000
1.000000
1.000000
1.000000
1.000000
1.000000
1.000000
1.000000
1.000000
1.000000
1.000000
1.000000
1.000000
1.000000
1.000000
1.000000
1.000000
1.000000
1.000000
1.000000
1.000000
1.000000
1.000000
1.000000
1.000000
1.000000
1.000000
1.000000
1.000000
1.000000
1.000000
1.000000
1.000000
1.000000
1.000000
1.000000
1.000000
1.000000
1.000000
1.000000
1.000000
1.000000
1.000000
1.000000
1.000000
1.000000
1.000000
1.000000
1.000000
1.000000
1.000000
1.000000
1.000000
1.000000
1.000000
1.000000
1.000000
1.000000
1.000000
1.000000
1.000000
1.000000
1.000000
1.000000
1.000000
1.000000
1.000000
1.000000
1.000000
1.000000
1.000000
1.000000
1.000000
1.000000
1.000000
1.000000
1.000000
1.000000
1.000000
1.000000
1.000000
1.000000
1.000000
1.000000
1.000000
1.000000
1.000000
1.000000
1.000000
1.000000
1.000000
1.000000
1.000000
1.000000
1.000000
1.000000
1.000000
1.000000
1.000000
1.000000
1.000000
1.000000
1.000000
1.000000
1.000000
1.000000
1.000000
1.000000
1.000000
1.000000
1.000000
1.000000
1.000000
1.000000
1.000000
1.000000
1.000000
1.000000
1.000000
1.000000
1.000000
1.000000
1.000000
1.000000
1.000000
1.000000
1.000000
1.000000
1.000000
1.000000
1.000000
1.000000
1.000000
1.000000
1.000000
1.000000
1.000000
1.000000
1.000000
1.000000
1.000000
1.000000
1.000000
1.000000
1.000000
1.000000
1.000000
1.000000
1.000000
1.000000
1.000000
1.000000
1.000000
1.000000
1.000000
1.000000
1.000000
1.000000
1.000000
1.000000
1.000000
1.000000
1.000000
1.000000
1.000000
1.000000
1.000000
1.000000
1.000000
