1.000000
1.000000
1.000000
1.000000
1.000000
1.000000
1.000000
1.000000
1.000000
1.000000
1.000000
1.000000
1.000000
1.000000
1.000000
1.000000
1.000000
1.000000
1.000000
1.000000
1.000000
1.000000
1.000000
1.000000
1.000000
1.000000
1.000000
1.000000
1.000000
1.000000
1.000000
1.000000
1.000000
1.000000
1.000000
1.000000
1.000000
1.000000
1.000000
1.000000
1.000000
1.000000
1.000000
1.000000
1.000000
1.000000
1.000000
1.000000
1.000000
1.000000
1.000000
1.000000
1.000000
1.000000
1.000000
1.000000
1.000000
1.000000
1.000000
1.000000
1.000000
1.000000
1.000000
1.000000
1.000000
1.000000
1.000000
1.000000
1.000000
1.000000
1.000000
1.000000
1.000000
1.000000
1.000000
1.000000
1.000000
1.000000
1.000000
1.000000
1.000000
1.000000
1.000000
1.000000
1.000000
1.000000
1.000000
1.000000
1.000000
1.000000
1.000000
1.000000
1.000000
1.000000
1.000000
1.000000
1.000000
1.000000
1.000000
1.000000
1.000000
1.000000
1.000000
1.000000
1.000000
1.000000
1.000000
1.000000
1.000000
1.000000
1.000000
1.000000
1.000000
1.000000
1.000000
1.000000
1.000000
1.000000
1.000000
1.000000
1.000000
1.000000
1.000000
1.000000
1.000000
1.000000
1.000000
1.000000
1.000000
1.000000
1.000000
1.000000
1.000000
1.000000
1.000000
1.000000
1.000000
1.000000
1.000000
1.000000
1.000000
1.000000
1.000000
1.000000
1.000000
1.000000
1.000000
1.000000
1.000000
1.000000
1.000000
1.000000
1.000000
1.000000
1.000000
1.000000
1.000000
1.000000
1.000000
1.000000
1.000000
1.000000
1.000000
1.000000
1.000000
1.000000
1.000000
1.000000
1.000000
1.000000
1.000000
1.000000
1.000000
1.000000
1.000000
0.999999
0.999999
0.999998
0.999998
0.999997
0.999996
0.999994
0.999993
0.999990
0.999988
0.999985
0.999981
0.999977
0.999973
0.999967
0.999961
0.999954
0.999946
0.999937
0.999927
0.999916
0.999904
0.999890
0.999875
0.999858
0.999840
0.999821
0.999799
0.999776
0.999750
0.999723
0.999693
0.999661
0.999627
0.999590
0.999551
0.999509
0.999464
0.999416
0.999365
0.999311
0.999254
0.999193
0.999128
0.999060
0.998988
0.998912
0.998831
0.998747
0.998658
0.998565
0.998467
0.998364
0.998256
0.998144
0.998026
0.997902
0.997774
0.997639
0.997499
0.997353
0.997201
0.997042
0.996877
0.996706
0.996528
0.996343
0.996152
0.995953
0.995747
0.995533
0.995313
0.995084
0.994848
0.994603
0.994351
0.994090
0.993822
0.993544
0.993258
0.992963
0.992659
0.992346
0.992024
0.991693
0.991352
0.991001
0.990641
0.990271
0.989891
0.989501
0.989100
0.988690
0.988269
0.987837
0.987394
0.986941
0.986477
0.986002
0.985515
0.985018
0.984509
0.983988
0.983457
0.982913
0.982358
0.981791
0.981212
0.980621
0.980018
0.979402
0.978775
0.978135
0.977483
0.976819
0.976142
0.975452
0.974750
0.974035
0.973307
0.972567
0.971814
0.971048
0.970269
0.969477
0.968673
0.967855
0.967024
0.966181
0.965324
0.964455
0.963572
0.962676
0.961767
0.960845
0.959911
0.958963
0.958002
0.957028
0.956041
0.955042
0.954029
0.953004
0.951965
0.950915
0.949851
0.948774
0.947686
0.946584
0.945470
0.944344
0.943205
0.942054
0.940891
0.939716
0.938528
0.937329
0.936118
0.934896
0.933662
0.932416
0.931159
0.929891
0.928611
0.927321
0.926020
0.924708
0.923385
0.922052
0.920709
0.919355
0.917992
0.916619
0.915236
0.913844
0.912442
0.911031
0.909611
0.908183
0.906745
0.905300
0.903846
0.902384
0.900915
0.899437
0.897953
0.896461
0.894962
0.893456
0.891944
0.890425
0.888901
0.887370
0.885834
0.884293
0.882746
0.881195
0.879638
0.878078
0.876513
0.874944
0.873372
0.871796
0.870217
0.868635
0.867051
0.865464
0.863875
0.862284
0.860692
0.859099
0.857504
0.855909
0.854313
0.852718
0.851122
0.849527
0.847933
0.846339
0.844747
0.843156
0.841568
0.839981
0.838397
0.836816
0.835237
0.833663
0.832091
0.830524
0.828961
0.827402
0.825849
0.824300
0.822757
0.821220
0.819688
0.818163
0.816645
0.815133
0.813629
0.812132
0.810644
0.809163
0.807690
0.806227
0.804772
0.803327
0.801891
0.800465
0.799050
0.797644
0.796250
0.794866
0.793494
0.792134
0.790785
0.789449
0.788125
0.786813
0.785515
0.784230
0.782958
0.781700
0.780457
0.779227
0.778012
0.776812
0.775628
0.774458
0.773304
0.772166
0.771044
0.769938
0.768849
0.767776
0.766721
0.765683
0.764662
0.763659
0.762674
0.761707
0.760758
0.759828
0.758916
0.758024
0.757150
0.756296
0.755462
0.754647
0.753852
0.753076
0.752322
0.751587
0.750873
0.750180
0.749507
0.748856
0.748226
0.747617
0.747029
0.746463
0.745918
0.745396
0.744895
0.744416
0.743959
0.743525
0.743112
0.742723
0.742355
0.742010
0.741688
0.741389
0.741112
0.740858
0.740628
0.740420
0.740235
0.740073
0.739934
0.739818
0.739725
0.739656
0.739609
0.739586
0.739586
0.739609
0.739656
0.739725
0.739818
0.739934
0.740073
0.740235
0.740420
0.740628
0.740858
0.741112
0.741389
0.741688
0.742010
0.742355
0.742723
0.743112
0.743525
0.743959
0.744416
0.744895
0.745396
0.745918
0.746463
0.747029
0.747617
0.748226
0.748856
0.749507
0.750180
0.750873
0.751587
0.752322
0.753076
0.753852
0.754647
0.755462
0.756296
0.757150
0.758024
0.758916
0.759828
0.760758
0.761707
0.762674
0.763659
0.764662
0.765683
0.766721
0.767776
0.768849
0.769938
0.771044
0.772166
0.773304
0.774458
0.775628
0.776812
0.778012
0.779227
0.780457
0.781700
0.782958
0.784230
0.785515
0.786813
0.788125
0.789449
0.790785
0.792134
0.793494
0.794866
0.796250
0.797644
0.799050
0.800465
0.801891
0.803327
0.804772
0.806227
0.807690
0.809163
0.810644
0.812132
0.813629
0.815133
0.816645
0.818163
0.819688
0.821220
0.822757
0.824300
0.825849
0.827402
0.828961
0.830524
0.832091
0.833663
0.835237
0.836816
0.838397
0.839981
0.841568
0.843156
0.844747
0.846339
0.847933
0.849527
0.851122
0.852718
0.854313
0.855909
0.857504
0.859099
0.860692
0.862284
0.863875
0.865464
0.867051
0.868635
0.870217
0.871796
0.873372
0.874944
0.876513
0.878078
0.879638
0.881195
0.882746
0.884293
0.885834
0.887370
0.888901
0.890425
0.891944
0.893456
0.894962
0.896461
0.897953
0.899437
0.900915
0.902384
0.903846
0.905300
0.906745
0.908183
0.909611
0.911031
0.912442
0.913844
0.915236
0.916619
0.917992
0.919355
0.920709
0.922052
0.923385
0.924708
0.926020
0.927321
0.928611
0.929891
0.931159
0.932416
0.933662
0.934896
0.936118
0.937329
0.938528
0.939716
0.940891
0.942054
0.943205
0.944344
0.945470
0.946584
0.947686
0.948774
0.949851
0.950915
0.951965
0.953004
0.954029
0.955042
0.956041
0.957028
0.958002
0.958963
0.959911
0.960845
0.961767
0.962676
0.963572
0.964455
0.965324
0.966181
0.967024
0.967855
0.968673
0.969477
0.970269
0.971048
0.971814
0.972567
0.973307
0.974035
0.974750
0.975452
0.976142
0.976819
0.977483
0.978135
0.978775
0.979402
0.980018
0.980621
0.981212
0.981791
0.982358
0.982913
0.983457
0.983988
0.984509
0.985018
0.985515
0.986002
0.986477
0.986941
0.987394
0.987837
0.988269
0.988690
0.989100
0.989501
0.989891
0.990271
0.990641
0.991001
0.991352
0.991693
0.992024
0.992346
0.992659
0.992963
0.993258
0.993544
0.993822
0.994090
0.994351
0.994603
0.994848
0.995084
0.995313
0.995533
0.995747
0.995953
0.996152
0.996343
0.996528
0.996706
0.996877
0.997042
0.997201
0.997353
0.997499
0.997639
0.997774
0.997902
0.998026
0.998144
0.998256
0.998364
0.998467
0.998565
0.998658
0.998747
0.998831
0.998912
0.998988
0.999060
0.999128
0.999193
0.999254
0.999311
0.999365
0.999416
0.999464
0.999509
0.999551
0.999590
0.999627
0.999661
0.999693
0.999723
0.999750
0.999776
0.999799
0.999821
0.999840
0.999858
0.999875
0.999890
0.999904
0.999916
0.999927
0.999937
0.999946
0.999954
0.999961
0.999967
0.999973
0.999977
0.999981
0.999985
0.999988
0.999990
0.999993
0.999994
0.999996
0.999997
0.999998
0.999998
0.999999
0.999999
1.000000
1.000000
1.000000
1.000000
1.000000
1.000000
1.000000
1.000000
1.000000
1.000000
1.000000
1.000000
1.000000
1.000000
1.000000
1.000000
1.000000
1.000000
1.000000
1.000000
1.000000
1.000000
1.000000
1.000000
1.000000
1.000000
1.000000
1.000000
1.000000
1.000000
1.000000
1.000000
1.000000
1.000000
1.000000
1.000000
1.000000
1.000000
1.000000
1.000000
1.000000
1.000000
1.000000
1.000000
1.000000
1.000000
1.000000
1.000000
1.000000
1.000000
1.000000
1.000000
1.000000
1.000000
1.000000
1.000000
1.000000
1.000000
1.000000
1.000000
1.000000
1.000000
1.000000
1.000000
1.000000
1.000000
1.000000
1.000000
1.000000
1.000000
1.000000
1.000000
1.000000
1.000000
1.000000
1.000000
1.000000
1.000000
1.000000
1.000000
1.000000
1.000000
1.000000
1.000000
1.000000
1.000000
1.000000
1.000000
1.000000
1.000000
1.000000
1.000000
1.000000
1.000000
1.000000
1.000000
1.000000
1.000000
1.000000
1.000000
1.000000
1.000000
1.000000
1.000000
1.000000
1.000000
1.000000
1.000000
1.000000
1.000000
1.000000
1.000000
1.000000
1.000000
1.000000
1.000000
1.000000
1.000000
1.000000
1.000000
1.000000
1.000000
1.000000
1.000000
1.000000
1.000000
1.000000
1.000000
1.000000
1.000000
1.000000
1.000000
1.000000
1.000000
1.000000
1.000000
1.000000
1.000000
1.000000
1.000000
1.000000
1.000000
1.000000
1.000000
1.000000
1.000000
1.000000
1.000000
1.000000
1.000000
1.000000
1.000000
1.000000
1.000000
1.000000
1.000000
1.000000
1.000000
1.000000
1.000000
1.000000
1.000000
1.000000
1.000000
1.000000
1.000000
1.000000
1.000000
1.000000
1.000000
1.000000
1.000000
1.000000
1.000000
1.000000
